10000	9.7806	40.2868
20000	9.1017	37.4904
30000	8.7446	36.0198
40000	8.5071	35.0412
50000	8.3310	34.3161
60000	8.1923	33.7445
70000	8.0783	33.2751
80000	7.9820	32.8783
90000	7.8988	32.5356
100000	7.8257	32.2348
110000	7.7608	31.9671
120000	7.7023	31.7264
130000	7.6493	31.5080
140000	7.6008	31.3083
150000	7.5562	31.1245
160000	7.5149	30.9543
170000	7.4765	30.7961
180000	7.4406	30.6483
190000	7.4070	30.5098
200000	7.3753	30.3794
210000	7.3454	30.2564
220000	7.3172	30.1399
230000	7.2903	30.0294
240000	7.2648	29.9244
250000	7.2405	29.8242
260000	7.2173	29.7286
270000	7.1951	29.6372
280000	7.1738	29.5495
290000	7.1534	29.4654
300000	7.1338	29.3846
310000	7.1149	29.3068
320000	7.0967	29.2319
330000	7.0792	29.1596
340000	7.0622	29.0898
350000	7.0458	29.0223
360000	7.0300	28.9570
370000	7.0146	28.8937
380000	6.9997	28.8324
390000	6.9853	28.7729
400000	6.9713	28.7151
410000	6.9576	28.6590
420000	6.9444	28.6044
430000	6.9315	28.5513
440000	6.9189	28.4996
450000	6.9067	28.4492
460000	6.8948	28.4001
470000	6.8831	28.3522
480000	6.8718	28.3054
490000	6.8607	28.2598
500000	6.8499	28.2152
510000	6.8393	28.1716
520000	6.8290	28.1290
530000	6.8189	28.0873
540000	6.8090	28.0466
550000	6.7993	28.0066
560000	6.7898	27.9675
570000	6.7805	27.9292
580000	6.7713	27.8916
590000	6.7624	27.8548
600000	6.7536	27.8187
610000	6.7450	27.7833
620000	6.7366	27.7485
630000	6.7283	27.7144
640000	6.7202	27.6808
650000	6.7122	27.6479
660000	6.7043	27.6156
670000	6.6966	27.5838
680000	6.6890	27.5525
690000	6.6815	27.5218
700000	6.6742	27.4915
710000	6.6670	27.4618
720000	6.6599	27.4325
730000	6.6529	27.4037
740000	6.6460	27.3753
750000	6.6392	27.3474
760000	6.6325	27.3199
770000	6.6260	27.2928
780000	6.6195	27.2661
790000	6.6131	27.2398
800000	6.6068	27.2139
810000	6.6006	27.1883
820000	6.5945	27.1631
830000	6.5884	27.1382
840000	6.5825	27.1137
850000	6.5766	27.0895
860000	6.5708	27.0657
870000	6.5651	27.0421
880000	6.5595	27.0189
890000	6.5539	26.9959
900000	6.5484	26.9733
910000	6.5430	26.9509
920000	6.5376	26.9288
930000	6.5323	26.9070
940000	6.5271	26.8854
950000	6.5219	26.8641
960000	6.5168	26.8431
970000	6.5117	26.8223
980000	6.5067	26.8018
990000	6.5018	26.7815
1000000	6.4969	26.7614
1010000	6.4921	26.7415
1020000	6.4874	26.7219
1030000	6.4826	26.7025
1040000	6.4780	26.6833
1050000	6.4734	26.6643
1060000	6.4688	26.6455
1070000	6.4643	26.6270
1080000	6.4598	26.6086
1090000	6.4554	26.5904
1100000	6.4511	26.5724
1110000	6.4467	26.5546
1120000	6.4425	26.5369
1130000	6.4382	26.5195
1140000	6.4340	26.5022
1150000	6.4299	26.4851
1160000	6.4258	26.4681
1170000	6.4217	26.4514
1180000	6.4176	26.4347
1190000	6.4136	26.4183
1200000	6.4097	26.4020
1210000	6.4058	26.3858
1220000	6.4019	26.3698
1230000	6.3980	26.3540
1240000	6.3942	26.3383
1250000	6.3905	26.3227
1260000	6.3867	26.3073
1270000	6.3830	26.2921
1280000	6.3793	26.2769
1290000	6.3757	26.2619
1300000	6.3721	26.2470
1310000	6.3685	26.2323
1320000	6.3649	26.2177
1330000	6.3614	26.2032
1340000	6.3579	26.1888
1350000	6.3545	26.1746
1360000	6.3510	26.1604
1370000	6.3476	26.1464
1380000	6.3443	26.1325
1390000	6.3409	26.1187
1400000	6.3376	26.1051
1410000	6.3343	26.0915
1420000	6.3311	26.0781
1430000	6.3278	26.0647
1440000	6.3246	26.0515
1450000	6.3214	26.0383
1460000	6.3182	26.0253
1470000	6.3151	26.0124
1480000	6.3120	25.9996
1490000	6.3089	25.9868
1500000	6.3058	25.9742
1510000	6.3028	25.9616
1520000	6.2998	25.9492
1530000	6.2968	25.9368
1540000	6.2938	25.9246
1550000	6.2908	25.9124
1560000	6.2879	25.9003
1570000	6.2850	25.8883
1580000	6.2821	25.8764
1590000	6.2792	25.8646
1600000	6.2764	25.8529
1610000	6.2735	25.8412
1620000	6.2707	25.8296
1630000	6.2679	25.8181
1640000	6.2652	25.8067
1650000	6.2624	25.7954
1660000	6.2597	25.7841
1670000	6.2570	25.7729
1680000	6.2543	25.7618
1690000	6.2516	25.7508
1700000	6.2489	25.7398
1710000	6.2463	25.7290
1720000	6.2437	25.7181
1730000	6.2411	25.7074
1740000	6.2385	25.6967
1750000	6.2359	25.6861
1760000	6.2333	25.6756
1770000	6.2308	25.6651
1780000	6.2283	25.6547
1790000	6.2258	25.6444
1800000	6.2233	25.6341
1810000	6.2208	25.6239
1820000	6.2183	25.6138
1830000	6.2159	25.6037
1840000	6.2135	25.5937
1850000	6.2110	25.5837
1860000	6.2086	25.5738
1870000	6.2063	25.5640
1880000	6.2039	25.5542
1890000	6.2015	25.5445
1900000	6.1992	25.5349
1910000	6.1968	25.5253
1920000	6.1945	25.5157
1930000	6.1922	25.5062
1940000	6.1899	25.4968
1950000	6.1877	25.4874
1960000	6.1854	25.4781
1970000	6.1832	25.4688
1980000	6.1809	25.4596
1990000	6.1787	25.4505
2000000	6.1765	25.4414
2010000	6.1743	25.4323
2020000	6.1721	25.4233
2030000	6.1699	25.4143
2040000	6.1678	25.4054
2050000	6.1656	25.3966
2060000	6.1635	25.3878
2070000	6.1613	25.3790
2080000	6.1592	25.3703
2090000	6.1571	25.3616
2100000	6.1550	25.3530
2110000	6.1529	25.3444
2120000	6.1509	25.3359
2130000	6.1488	25.3274
2140000	6.1468	25.3190
2150000	6.1447	25.3106
2160000	6.1427	25.3023
2170000	6.1407	25.2940
2180000	6.1387	25.2857
2190000	6.1367	25.2775
2200000	6.1347	25.2693
2210000	6.1327	25.2612
2220000	6.1308	25.2531
2230000	6.1288	25.2450
2240000	6.1269	25.2370
2250000	6.1249	25.2290
2260000	6.1230	25.2211
2270000	6.1211	25.2132
2280000	6.1192	25.2054
2290000	6.1173	25.1976
2300000	6.1154	25.1898
2310000	6.1135	25.1821
2320000	6.1117	25.1744
2330000	6.1098	25.1667
2340000	6.1079	25.1591
2350000	6.1061	25.1515
2360000	6.1043	25.1439
2370000	6.1024	25.1364
2380000	6.1006	25.1289
2390000	6.0988	25.1215
2400000	6.0970	25.1141
2410000	6.0952	25.1067
2420000	6.0935	25.0994
2430000	6.0917	25.0921
2440000	6.0899	25.0848
2450000	6.0882	25.0776
2460000	6.0864	25.0704
2470000	6.0847	25.0632
2480000	6.0829	25.0561
2490000	6.0812	25.0490
2500000	6.0795	25.0419
2510000	6.0778	25.0348
2520000	6.0761	25.0278
2530000	6.0744	25.0209
2540000	6.0727	25.0139
2550000	6.0710	25.0070
2560000	6.0694	25.0001
2570000	6.0677	24.9933
2580000	6.0660	24.9864
2590000	6.0644	24.9796
2600000	6.0627	24.9729
2610000	6.0611	24.9661
2620000	6.0595	24.9594
2630000	6.0579	24.9528
2640000	6.0562	24.9461
2650000	6.0546	24.9395
2660000	6.0530	24.9329
2670000	6.0514	24.9263
2680000	6.0499	24.9198
2690000	6.0483	24.9133
2700000	6.0467	24.9068
2710000	6.0451	24.9004
2720000	6.0436	24.8939
2730000	6.0420	24.8875
2740000	6.0405	24.8811
2750000	6.0389	24.8748
2760000	6.0374	24.8685
2770000	6.0359	24.8622
2780000	6.0343	24.8559
2790000	6.0328	24.8497
2800000	6.0313	24.8434
2810000	6.0298	24.8372
2820000	6.0283	24.8311
2830000	6.0268	24.8249
2840000	6.0253	24.8188
2850000	6.0239	24.8127
2860000	6.0224	24.8066
2870000	6.0209	24.8006
2880000	6.0195	24.7946
2890000	6.0180	24.7886
2900000	6.0165	24.7826
2910000	6.0151	24.7766
2920000	6.0137	24.7707
2930000	6.0122	24.7648
2940000	6.0108	24.7589
2950000	6.0094	24.7530
2960000	6.0080	24.7472
2970000	6.0065	24.7414
2980000	6.0051	24.7356
2990000	6.0037	24.7298
3000000	6.0023	24.7241
3010000	6.0009	24.7183
3020000	5.9996	24.7126
3030000	5.9982	24.7069
3040000	5.9968	24.7013
3050000	5.9954	24.6956
3060000	5.9941	24.6900
3070000	5.9927	24.6844
3080000	5.9913	24.6788
3090000	5.9900	24.6732
3100000	5.9887	24.6677
3110000	5.9873	24.6622
3120000	5.9860	24.6567
3130000	5.9846	24.6512
3140000	5.9833	24.6457
3150000	5.9820	24.6403
3160000	5.9807	24.6348
3170000	5.9794	24.6294
3180000	5.9781	24.6241
3190000	5.9768	24.6187
3200000	5.9755	24.6133
3210000	5.9742	24.6080
3220000	5.9729	24.6027
3230000	5.9716	24.5974
3240000	5.9703	24.5921
3250000	5.9690	24.5869
3260000	5.9678	24.5816
3270000	5.9665	24.5764
3280000	5.9652	24.5712
3290000	5.9640	24.5660
3300000	5.9627	24.5609
3310000	5.9615	24.5557
3320000	5.9602	24.5506
3330000	5.9590	24.5455
3340000	5.9577	24.5404
3350000	5.9565	24.5353
3360000	5.9553	24.5302
3370000	5.9541	24.5252
3380000	5.9528	24.5202
3390000	5.9516	24.5152
3400000	5.9504	24.5102
3410000	5.9492	24.5052
3420000	5.9480	24.5002
3430000	5.9468	24.4953
3440000	5.9456	24.4904
3450000	5.9444	24.4854
3460000	5.9432	24.4805
3470000	5.9420	24.4757
3480000	5.9409	24.4708
3490000	5.9397	24.4660
3500000	5.9385	24.4611
3510000	5.9373	24.4563
3520000	5.9362	24.4515
3530000	5.9350	24.4467
3540000	5.9338	24.4419
3550000	5.9327	24.4372
3560000	5.9315	24.4324
3570000	5.9304	24.4277
3580000	5.9293	24.4230
3590000	5.9281	24.4183
3600000	5.9270	24.4136
3610000	5.9258	24.4090
3620000	5.9247	24.4043
3630000	5.9236	24.3997
3640000	5.9225	24.3950
3650000	5.9213	24.3904
3660000	5.9202	24.3858
3670000	5.9191	24.3813
3680000	5.9180	24.3767
3690000	5.9169	24.3721
3700000	5.9158	24.3676
3710000	5.9147	24.3631
3720000	5.9136	24.3586
3730000	5.9125	24.3541
3740000	5.9114	24.3496
3750000	5.9103	24.3451
3760000	5.9093	24.3407
3770000	5.9082	24.3362
3780000	5.9071	24.3318
3790000	5.9060	24.3274
3800000	5.9050	24.3230
3810000	5.9039	24.3186
3820000	5.9028	24.3142
3830000	5.9018	24.3098
3840000	5.9007	24.3055
3850000	5.8997	24.3011
3860000	5.8986	24.2968
3870000	5.8976	24.2925
3880000	5.8965	24.2882
3890000	5.8955	24.2839
3900000	5.8944	24.2796
3910000	5.8934	24.2754
3920000	5.8924	24.2711
3930000	5.8913	24.2669
3940000	5.8903	24.2626
3950000	5.8893	24.2584
3960000	5.8883	24.2542
3970000	5.8873	24.2500
3980000	5.8862	24.2458
3990000	5.8852	24.2417
4000000	5.8842	24.2375
4010000	5.8832	24.2334
4020000	5.8822	24.2292
4030000	5.8812	24.2251
4040000	5.8802	24.2210
4050000	5.8792	24.2169
4060000	5.8782	24.2128
4070000	5.8772	24.2087
4080000	5.8762	24.2047
4090000	5.8753	24.2006
4100000	5.8743	24.1966
4110000	5.8733	24.1926
4120000	5.8723	24.1885
4130000	5.8714	24.1845
4140000	5.8704	24.1805
4150000	5.8694	24.1765
4160000	5.8684	24.1726
4170000	5.8675	24.1686
4180000	5.8665	24.1646
4190000	5.8656	24.1607
4200000	5.8646	24.1568
4210000	5.8637	24.1528
4220000	5.8627	24.1489
4230000	5.8618	24.1450
4240000	5.8608	24.1411
4250000	5.8599	24.1372
4260000	5.8589	24.1334
4270000	5.8580	24.1295
4280000	5.8571	24.1257
4290000	5.8561	24.1218
4300000	5.8552	24.1180
4310000	5.8543	24.1142
4320000	5.8533	24.1104
4330000	5.8524	24.1066
4340000	5.8515	24.1028
4350000	5.8506	24.0990
4360000	5.8497	24.0952
4370000	5.8488	24.0914
4380000	5.8478	24.0877
4390000	5.8469	24.0840
4400000	5.8460	24.0802
4410000	5.8451	24.0765
4420000	5.8442	24.0728
4430000	5.8433	24.0691
4440000	5.8424	24.0654
4450000	5.8415	24.0617
4460000	5.8406	24.0580
4470000	5.8398	24.0544
4480000	5.8389	24.0507
4490000	5.8380	24.0470
4500000	5.8371	24.0434
4510000	5.8362	24.0398
4520000	5.8353	24.0362
4530000	5.8345	24.0325
4540000	5.8336	24.0289
4550000	5.8327	24.0253
4560000	5.8318	24.0218
4570000	5.8310	24.0182
4580000	5.8301	24.0146
4590000	5.8292	24.0111
4600000	5.8284	24.0075
4610000	5.8275	24.0040
4620000	5.8267	24.0004
4630000	5.8258	23.9969
4640000	5.8250	23.9934
4650000	5.8241	23.9899
4660000	5.8232	23.9864
4670000	5.8224	23.9829
4680000	5.8216	23.9794
4690000	5.8207	23.9759
4700000	5.8199	23.9725
4710000	5.8190	23.9690
4720000	5.8182	23.9656
4730000	5.8174	23.9621
4740000	5.8165	23.9587
4750000	5.8157	23.9553
4760000	5.8149	23.9519
4770000	5.8140	23.9484
4780000	5.8132	23.9450
4790000	5.8124	23.9417
4800000	5.8116	23.9383
4810000	5.8107	23.9349
4820000	5.8099	23.9315
4830000	5.8091	23.9282
4840000	5.8083	23.9248
4850000	5.8075	23.9215
4860000	5.8067	23.9181
4870000	5.8059	23.9148
4880000	5.8051	23.9115
4890000	5.8043	23.9082
4900000	5.8035	23.9049
4910000	5.8027	23.9016
4920000	5.8019	23.8983
4930000	5.8011	23.8950
4940000	5.8003	23.8917
4950000	5.7995	23.8884
4960000	5.7987	23.8852
4970000	5.7979	23.8819
4980000	5.7971	23.8787
4990000	5.7963	23.8754
5000000	5.7955	23.8722
5010000	5.7947	23.8690
5020000	5.7940	23.8658
5030000	5.7932	23.8625
5040000	5.7924	23.8593
5050000	5.7916	23.8561
5060000	5.7909	23.8530
5070000	5.7901	23.8498
5080000	5.7893	23.8466
5090000	5.7885	23.8434
5100000	5.7878	23.8403
5110000	5.7870	23.8371
5120000	5.7862	23.8340
5130000	5.7855	23.8308
5140000	5.7847	23.8277
5150000	5.7840	23.8246
5160000	5.7832	23.8215
5170000	5.7825	23.8183
5180000	5.7817	23.8152
5190000	5.7809	23.8121
5200000	5.7802	23.8090
5210000	5.7794	23.8060
5220000	5.7787	23.8029
5230000	5.7780	23.7998
5240000	5.7772	23.7967
5250000	5.7765	23.7937
5260000	5.7757	23.7906
5270000	5.7750	23.7876
5280000	5.7742	23.7845
5290000	5.7735	23.7815
5300000	5.7728	23.7785
5310000	5.7720	23.7755
5320000	5.7713	23.7724
5330000	5.7706	23.7694
5340000	5.7699	23.7664
5350000	5.7691	23.7634
5360000	5.7684	23.7605
5370000	5.7677	23.7575
5380000	5.7670	23.7545
5390000	5.7662	23.7515
5400000	5.7655	23.7486
5410000	5.7648	23.7456
5420000	5.7641	23.7427
5430000	5.7634	23.7397
5440000	5.7626	23.7368
5450000	5.7619	23.7338
5460000	5.7612	23.7309
5470000	5.7605	23.7280
5480000	5.7598	23.7251
5490000	5.7591	23.7222
5500000	5.7584	23.7193
5510000	5.7577	23.7164
5520000	5.7570	23.7135
5530000	5.7563	23.7106
5540000	5.7556	23.7077
5550000	5.7549	23.7048
5560000	5.7542	23.7020
5570000	5.7535	23.6991
5580000	5.7528	23.6962
5590000	5.7521	23.6934
5600000	5.7514	23.6905
5610000	5.7507	23.6877
5620000	5.7501	23.6849
5630000	5.7494	23.6820
5640000	5.7487	23.6792
5650000	5.7480	23.6764
5660000	5.7473	23.6736
5670000	5.7466	23.6708
5680000	5.7460	23.6680
5690000	5.7453	23.6652
5700000	5.7446	23.6624
5710000	5.7439	23.6596
5720000	5.7432	23.6568
5730000	5.7426	23.6541
5740000	5.7419	23.6513
5750000	5.7412	23.6485
5760000	5.7406	23.6458
5770000	5.7399	23.6430
5780000	5.7392	23.6403
5790000	5.7386	23.6376
5800000	5.7379	23.6348
5810000	5.7372	23.6321
5820000	5.7366	23.6294
5830000	5.7359	23.6266
5840000	5.7353	23.6239
5850000	5.7346	23.6212
5860000	5.7339	23.6185
5870000	5.7333	23.6158
5880000	5.7326	23.6131
5890000	5.7320	23.6104
5900000	5.7313	23.6078
5910000	5.7307	23.6051
5920000	5.7300	23.6024
5930000	5.7294	23.5997
5940000	5.7287	23.5971
5950000	5.7281	23.5944
5960000	5.7274	23.5918
5970000	5.7268	23.5891
5980000	5.7262	23.5865
5990000	5.7255	23.5838
6000000	5.7249	23.5812
6010000	5.7242	23.5786
6020000	5.7236	23.5760
6030000	5.7230	23.5733
6040000	5.7223	23.5707
6050000	5.7217	23.5681
6060000	5.7211	23.5655
6070000	5.7204	23.5629
6080000	5.7198	23.5603
6090000	5.7192	23.5577
6100000	5.7186	23.5551
6110000	5.7179	23.5526
6120000	5.7173	23.5500
6130000	5.7167	23.5474
6140000	5.7161	23.5449
6150000	5.7154	23.5423
6160000	5.7148	23.5397
6170000	5.7142	23.5372
6180000	5.7136	23.5346
6190000	5.7130	23.5321
6200000	5.7123	23.5296
6210000	5.7117	23.5270
6220000	5.7111	23.5245
6230000	5.7105	23.5220
6240000	5.7099	23.5195
6250000	5.7093	23.5170
6260000	5.7087	23.5144
6270000	5.7081	23.5119
6280000	5.7075	23.5094
6290000	5.7069	23.5069
6300000	5.7062	23.5044
6310000	5.7056	23.5020
6320000	5.7050	23.4995
6330000	5.7044	23.4970
6340000	5.7038	23.4945
6350000	5.7032	23.4921
6360000	5.7026	23.4896
6370000	5.7020	23.4871
6380000	5.7014	23.4847
6390000	5.7009	23.4822
6400000	5.7003	23.4798
6410000	5.6997	23.4773
6420000	5.6991	23.4749
6430000	5.6985	23.4724
6440000	5.6979	23.4700
6450000	5.6973	23.4676
6460000	5.6967	23.4652
6470000	5.6961	23.4628
6480000	5.6955	23.4603
6490000	5.6950	23.4579
6500000	5.6944	23.4555
6510000	5.6938	23.4531
6520000	5.6932	23.4507
6530000	5.6926	23.4483
6540000	5.6920	23.4459
6550000	5.6915	23.4436
6560000	5.6909	23.4412
6570000	5.6903	23.4388
6580000	5.6897	23.4364
6590000	5.6892	23.4341
6600000	5.6886	23.4317
6610000	5.6880	23.4293
6620000	5.6874	23.4270
6630000	5.6869	23.4246
6640000	5.6863	23.4223
6650000	5.6857	23.4199
6660000	5.6852	23.4176
6670000	5.6846	23.4152
6680000	5.6840	23.4129
6690000	5.6835	23.4106
6700000	5.6829	23.4083
6710000	5.6823	23.4059
6720000	5.6818	23.4036
6730000	5.6812	23.4013
6740000	5.6806	23.3990
6750000	5.6801	23.3967
6760000	5.6795	23.3944
6770000	5.6790	23.3921
6780000	5.6784	23.3898
6790000	5.6779	23.3875
6800000	5.6773	23.3852
6810000	5.6767	23.3829
6820000	5.6762	23.3807
6830000	5.6756	23.3784
6840000	5.6751	23.3761
6850000	5.6745	23.3738
6860000	5.6740	23.3716
6870000	5.6734	23.3693
6880000	5.6729	23.3671
6890000	5.6723	23.3648
6900000	5.6718	23.3626
6910000	5.6713	23.3603
6920000	5.6707	23.3581
6930000	5.6702	23.3558
6940000	5.6696	23.3536
6950000	5.6691	23.3514
6960000	5.6685	23.3491
6970000	5.6680	23.3469
6980000	5.6675	23.3447
6990000	5.6669	23.3425
7000000	5.6664	23.3403
7010000	5.6658	23.3380
7020000	5.6653	23.3358
7030000	5.6648	23.3336
7040000	5.6642	23.3314
7050000	5.6637	23.3292
7060000	5.6632	23.3270
7070000	5.6626	23.3249
7080000	5.6621	23.3227
7090000	5.6616	23.3205
7100000	5.6611	23.3183
7110000	5.6605	23.3161
7120000	5.6600	23.3140
7130000	5.6595	23.3118
7140000	5.6590	23.3096
7150000	5.6584	23.3075
7160000	5.6579	23.3053
7170000	5.6574	23.3032
7180000	5.6569	23.3010
7190000	5.6563	23.2989
7200000	5.6558	23.2967
7210000	5.6553	23.2946
7220000	5.6548	23.2924
7230000	5.6543	23.2903
7240000	5.6537	23.2882
7250000	5.6532	23.2860
7260000	5.6527	23.2839
7270000	5.6522	23.2818
7280000	5.6517	23.2797
7290000	5.6512	23.2776
7300000	5.6507	23.2754
7310000	5.6501	23.2733
7320000	5.6496	23.2712
7330000	5.6491	23.2691
7340000	5.6486	23.2670
7350000	5.6481	23.2649
7360000	5.6476	23.2628
7370000	5.6471	23.2608
7380000	5.6466	23.2587
7390000	5.6461	23.2566
7400000	5.6456	23.2545
7410000	5.6451	23.2524
7420000	5.6446	23.2504
7430000	5.6441	23.2483
7440000	5.6436	23.2462
7450000	5.6431	23.2442
7460000	5.6426	23.2421
7470000	5.6421	23.2400
7480000	5.6416	23.2380
7490000	5.6411	23.2359
7500000	5.6406	23.2339
7510000	5.6401	23.2318
7520000	5.6396	23.2298
7530000	5.6391	23.2278
7540000	5.6386	23.2257
7550000	5.6381	23.2237
7560000	5.6376	23.2217
7570000	5.6371	23.2196
7580000	5.6366	23.2176
7590000	5.6361	23.2156
7600000	5.6356	23.2136
7610000	5.6351	23.2115
7620000	5.6347	23.2095
7630000	5.6342	23.2075
7640000	5.6337	23.2055
7650000	5.6332	23.2035
7660000	5.6327	23.2015
7670000	5.6322	23.1995
7680000	5.6317	23.1975
7690000	5.6313	23.1955
7700000	5.6308	23.1935
7710000	5.6303	23.1916
7720000	5.6298	23.1896
7730000	5.6293	23.1876
7740000	5.6288	23.1856
7750000	5.6284	23.1836
7760000	5.6279	23.1817
7770000	5.6274	23.1797
7780000	5.6269	23.1777
7790000	5.6265	23.1758
7800000	5.6260	23.1738
7810000	5.6255	23.1718
7820000	5.6250	23.1699
7830000	5.6246	23.1679
7840000	5.6241	23.1660
7850000	5.6236	23.1640
7860000	5.6231	23.1621
7870000	5.6227	23.1602
7880000	5.6222	23.1582
7890000	5.6217	23.1563
7900000	5.6213	23.1544
7910000	5.6208	23.1524
7920000	5.6203	23.1505
7930000	5.6199	23.1486
7940000	5.6194	23.1467
7950000	5.6189	23.1447
7960000	5.6185	23.1428
7970000	5.6180	23.1409
7980000	5.6175	23.1390
7990000	5.6171	23.1371
8000000	5.6166	23.1352
8010000	5.6161	23.1333
8020000	5.6157	23.1314
8030000	5.6152	23.1295
8040000	5.6148	23.1276
8050000	5.6143	23.1257
8060000	5.6138	23.1238
8070000	5.6134	23.1219
8080000	5.6129	23.1200
8090000	5.6125	23.1182
8100000	5.6120	23.1163
8110000	5.6116	23.1144
8120000	5.6111	23.1125
8130000	5.6106	23.1107
8140000	5.6102	23.1088
8150000	5.6097	23.1069
8160000	5.6093	23.1051
8170000	5.6088	23.1032
8180000	5.6084	23.1013
8190000	5.6079	23.0995
8200000	5.6075	23.0976
8210000	5.6070	23.0958
8220000	5.6066	23.0939
8230000	5.6061	23.0921
8240000	5.6057	23.0902
8250000	5.6052	23.0884
8260000	5.6048	23.0866
8270000	5.6044	23.0847
8280000	5.6039	23.0829
8290000	5.6035	23.0811
8300000	5.6030	23.0792
8310000	5.6026	23.0774
8320000	5.6021	23.0756
8330000	5.6017	23.0738
8340000	5.6012	23.0719
8350000	5.6008	23.0701
8360000	5.6004	23.0683
8370000	5.5999	23.0665
8380000	5.5995	23.0647
8390000	5.5990	23.0629
8400000	5.5986	23.0611
8410000	5.5982	23.0593
8420000	5.5977	23.0575
8430000	5.5973	23.0557
8440000	5.5969	23.0539
8450000	5.5964	23.0521
8460000	5.5960	23.0503
8470000	5.5956	23.0485
8480000	5.5951	23.0467
8490000	5.5947	23.0450
8500000	5.5943	23.0432
8510000	5.5938	23.0414
8520000	5.5934	23.0396
8530000	5.5930	23.0378
8540000	5.5925	23.0361
8550000	5.5921	23.0343
8560000	5.5917	23.0325
8570000	5.5913	23.0308
8580000	5.5908	23.0290
8590000	5.5904	23.0273
8600000	5.5900	23.0255
8610000	5.5895	23.0237
8620000	5.5891	23.0220
8630000	5.5887	23.0202
8640000	5.5883	23.0185
8650000	5.5878	23.0168
8660000	5.5874	23.0150
8670000	5.5870	23.0133
8680000	5.5866	23.0115
8690000	5.5862	23.0098
8700000	5.5857	23.0081
8710000	5.5853	23.0063
8720000	5.5849	23.0046
8730000	5.5845	23.0029
8740000	5.5841	23.0011
8750000	5.5836	22.9994
8760000	5.5832	22.9977
8770000	5.5828	22.9960
8780000	5.5824	22.9943
8790000	5.5820	22.9925
8800000	5.5816	22.9908
8810000	5.5811	22.9891
8820000	5.5807	22.9874
8830000	5.5803	22.9857
8840000	5.5799	22.9840
8850000	5.5795	22.9823
8860000	5.5791	22.9806
8870000	5.5787	22.9789
8880000	5.5783	22.9772
8890000	5.5778	22.9755
8900000	5.5774	22.9738
8910000	5.5770	22.9721
8920000	5.5766	22.9705
8930000	5.5762	22.9688
8940000	5.5758	22.9671
8950000	5.5754	22.9654
8960000	5.5750	22.9637
8970000	5.5746	22.9621
8980000	5.5742	22.9604
8990000	5.5738	22.9587
9000000	5.5734	22.9570
9010000	5.5729	22.9554
9020000	5.5725	22.9537
9030000	5.5721	22.9520
9040000	5.5717	22.9504
9050000	5.5713	22.9487
9060000	5.5709	22.9471
9070000	5.5705	22.9454
9080000	5.5701	22.9438
9090000	5.5697	22.9421
9100000	5.5693	22.9405
9110000	5.5689	22.9388
9120000	5.5685	22.9372
9130000	5.5681	22.9355
9140000	5.5677	22.9339
9150000	5.5673	22.9322
9160000	5.5669	22.9306
9170000	5.5665	22.9290
9180000	5.5661	22.9273
9190000	5.5657	22.9257
9200000	5.5654	22.9241
9210000	5.5650	22.9225
9220000	5.5646	22.9208
9230000	5.5642	22.9192
9240000	5.5638	22.9176
9250000	5.5634	22.9160
9260000	5.5630	22.9143
9270000	5.5626	22.9127
9280000	5.5622	22.9111
9290000	5.5618	22.9095
9300000	5.5614	22.9079
9310000	5.5610	22.9063
9320000	5.5606	22.9047
9330000	5.5603	22.9031
9340000	5.5599	22.9015
9350000	5.5595	22.8999
9360000	5.5591	22.8983
9370000	5.5587	22.8967
9380000	5.5583	22.8951
9390000	5.5579	22.8935
9400000	5.5575	22.8919
9410000	5.5572	22.8903
9420000	5.5568	22.8887
9430000	5.5564	22.8872
9440000	5.5560	22.8856
9450000	5.5556	22.8840
9460000	5.5552	22.8824
9470000	5.5549	22.8808
9480000	5.5545	22.8793
9490000	5.5541	22.8777
9500000	5.5537	22.8761
9510000	5.5533	22.8745
9520000	5.5529	22.8730
9530000	5.5526	22.8714
9540000	5.5522	22.8698
9550000	5.5518	22.8683
9560000	5.5514	22.8667
9570000	5.5510	22.8652
9580000	5.5507	22.8636
9590000	5.5503	22.8621
9600000	5.5499	22.8605
9610000	5.5495	22.8590
9620000	5.5492	22.8574
9630000	5.5488	22.8559
9640000	5.5484	22.8543
9650000	5.5480	22.8528
9660000	5.5477	22.8512
9670000	5.5473	22.8497
9680000	5.5469	22.8481
9690000	5.5465	22.8466
9700000	5.5462	22.8451
9710000	5.5458	22.8435
9720000	5.5454	22.8420
9730000	5.5451	22.8405
9740000	5.5447	22.8389
9750000	5.5443	22.8374
9760000	5.5439	22.8359
9770000	5.5436	22.8344
9780000	5.5432	22.8329
9790000	5.5428	22.8313
9800000	5.5425	22.8298
9810000	5.5421	22.8283
9820000	5.5417	22.8268
9830000	5.5414	22.8253
9840000	5.5410	22.8238
9850000	5.5406	22.8223
9860000	5.5403	22.8207
9870000	5.5399	22.8192
9880000	5.5395	22.8177
9890000	5.5392	22.8162
9900000	5.5388	22.8147
9910000	5.5384	22.8132
9920000	5.5381	22.8117
9930000	5.5377	22.8102
9940000	5.5374	22.8088
9950000	5.5370	22.8073
9960000	5.5366	22.8058
9970000	5.5363	22.8043
9980000	5.5359	22.8028
9990000	5.5355	22.8013
10000000	5.5352	22.7998
10010000	5.5348	22.7983
10110000	5.5312	22.7836
10210000	5.5277	22.7691
10310000	5.5242	22.7546
10410000	5.5208	22.7404
10510000	5.5173	22.7263
10610000	5.5139	22.7123
10710000	5.5106	22.6985
10810000	5.5073	22.6849
10910000	5.5040	22.6714
11010000	5.5007	22.6580
11110000	5.4975	22.6447
11210000	5.4943	22.6316
11310000	5.4912	22.6186
11410000	5.4881	22.6058
11510000	5.4850	22.5931
11610000	5.4819	22.5804
11710000	5.4789	22.5680
11810000	5.4759	22.5556
11910000	5.4729	22.5433
12010000	5.4700	22.5312
12110000	5.4671	22.5192
12210000	5.4642	22.5073
12310000	5.4613	22.4955
12410000	5.4585	22.4838
12510000	5.4556	22.4722
12610000	5.4529	22.4607
12710000	5.4501	22.4493
12810000	5.4473	22.4380
12910000	5.4446	22.4268
13010000	5.4419	22.4157
13110000	5.4393	22.4047
13210000	5.4366	22.3938
13310000	5.4340	22.3830
13410000	5.4314	22.3723
13510000	5.4288	22.3617
13610000	5.4263	22.3511
13710000	5.4237	22.3407
13810000	5.4212	22.3303
13910000	5.4187	22.3200
14010000	5.4162	22.3098
14110000	5.4138	22.2997
14210000	5.4113	22.2896
14310000	5.4089	22.2796
14410000	5.4065	22.2698
14510000	5.4041	22.2599
14610000	5.4018	22.2502
14710000	5.3994	22.2405
14810000	5.3971	22.2309
14910000	5.3948	22.2214
15010000	5.3925	22.2120
15110000	5.3902	22.2026
15210000	5.3879	22.1933
15310000	5.3857	22.1840
15410000	5.3835	22.1749
15510000	5.3813	22.1658
15610000	5.3791	22.1567
15710000	5.3769	22.1477
15810000	5.3747	22.1388
15910000	5.3726	22.1300
16010000	5.3704	22.1212
16110000	5.3683	22.1125
16210000	5.3662	22.1038
16310000	5.3641	22.0952
16410000	5.3620	22.0866
16510000	5.3600	22.0781
16610000	5.3579	22.0697
16710000	5.3559	22.0613
16810000	5.3539	22.0530
16910000	5.3519	22.0447
17010000	5.3499	22.0365
17110000	5.3479	22.0284
17210000	5.3459	22.0203
17310000	5.3440	22.0122
17410000	5.3420	22.0042
17510000	5.3401	21.9962
17610000	5.3382	21.9883
17710000	5.3363	21.9805
17810000	5.3344	21.9727
17910000	5.3325	21.9649
18010000	5.3306	21.9572
18110000	5.3288	21.9496
18210000	5.3269	21.9420
18310000	5.3251	21.9344
18410000	5.3233	21.9269
18510000	5.3214	21.9194
18610000	5.3196	21.9120
18710000	5.3178	21.9046
18810000	5.3161	21.8973
18910000	5.3143	21.8900
19010000	5.3125	21.8827
19110000	5.3108	21.8755
19210000	5.3090	21.8683
19310000	5.3073	21.8612
19410000	5.3056	21.8541
19510000	5.3039	21.8471
19610000	5.3022	21.8401
19710000	5.3005	21.8331
19810000	5.2988	21.8262
19910000	5.2971	21.8193
20010000	5.2955	21.8125
20110000	5.2938	21.8056
20210000	5.2922	21.7989
20310000	5.2905	21.7921
20410000	5.2889	21.7854
20510000	5.2873	21.7788
20610000	5.2857	21.7721
20710000	5.2841	21.7656
20810000	5.2825	21.7590
20910000	5.2809	21.7525
21010000	5.2793	21.7460
21110000	5.2778	21.7395
21210000	5.2762	21.7331
21310000	5.2747	21.7267
21410000	5.2731	21.7204
21510000	5.2716	21.7141
21610000	5.2701	21.7078
21710000	5.2686	21.7015
21810000	5.2670	21.6953
21910000	5.2655	21.6891
22010000	5.2640	21.6830
22110000	5.2626	21.6769
22210000	5.2611	21.6708
22310000	5.2596	21.6647
22410000	5.2581	21.6587
22510000	5.2567	21.6527
22610000	5.2552	21.6467
22710000	5.2538	21.6407
22810000	5.2524	21.6348
22910000	5.2509	21.6289
23010000	5.2495	21.6231
23110000	5.2481	21.6172
23210000	5.2467	21.6114
23310000	5.2453	21.6057
23410000	5.2439	21.5999
23510000	5.2425	21.5942
23610000	5.2411	21.5885
23710000	5.2397	21.5828
23810000	5.2384	21.5772
23910000	5.2370	21.5716
24010000	5.2356	21.5660
24110000	5.2343	21.5604
24210000	5.2330	21.5549
24310000	5.2316	21.5494
24410000	5.2303	21.5439
24510000	5.2290	21.5385
24610000	5.2276	21.5330
24710000	5.2263	21.5276
24810000	5.2250	21.5222
24910000	5.2237	21.5169
25010000	5.2224	21.5115
25110000	5.2211	21.5062
25210000	5.2198	21.5009
25310000	5.2186	21.4957
25410000	5.2173	21.4904
25510000	5.2160	21.4852
25610000	5.2148	21.4800
25710000	5.2135	21.4748
25810000	5.2123	21.4697
25910000	5.2110	21.4645
26010000	5.2098	21.4594
26110000	5.2085	21.4543
26210000	5.2073	21.4493
26310000	5.2061	21.4442
26410000	5.2049	21.4392
26510000	5.2036	21.4342
26610000	5.2024	21.4292
26710000	5.2012	21.4243
26810000	5.2000	21.4193
26910000	5.1988	21.4144
27010000	5.1976	21.4095
27110000	5.1965	21.4046
27210000	5.1953	21.3998
27310000	5.1941	21.3949
27410000	5.1929	21.3901
27510000	5.1918	21.3853
27610000	5.1906	21.3805
27710000	5.1895	21.3758
27810000	5.1883	21.3710
27910000	5.1872	21.3663
28010000	5.1860	21.3616
28110000	5.1849	21.3569
28210000	5.1837	21.3522
28310000	5.1826	21.3476
28410000	5.1815	21.3430
28510000	5.1804	21.3383
28610000	5.1793	21.3337
28710000	5.1781	21.3292
28810000	5.1770	21.3246
28910000	5.1759	21.3201
29010000	5.1748	21.3155
29110000	5.1737	21.3110
29210000	5.1727	21.3066
29310000	5.1716	21.3021
29410000	5.1705	21.2976
29510000	5.1694	21.2932
29610000	5.1683	21.2888
29710000	5.1673	21.2844
29810000	5.1662	21.2800
29910000	5.1651	21.2756
30010000	5.1641	21.2712
30110000	5.1630	21.2669
30210000	5.1620	21.2626
30310000	5.1609	21.2583
30410000	5.1599	21.2540
30510000	5.1589	21.2497
30610000	5.1578	21.2454
30710000	5.1568	21.2412
30810000	5.1558	21.2370
30910000	5.1547	21.2327
31010000	5.1537	21.2285
31110000	5.1527	21.2244
31210000	5.1517	21.2202
31310000	5.1507	21.2160
31410000	5.1497	21.2119
31510000	5.1487	21.2078
31610000	5.1477	21.2037
31710000	5.1467	21.1996
31810000	5.1457	21.1955
31910000	5.1447	21.1914
32010000	5.1437	21.1874
32110000	5.1427	21.1833
32210000	5.1418	21.1793
32310000	5.1408	21.1753
32410000	5.1398	21.1713
32510000	5.1389	21.1673
32610000	5.1379	21.1633
32710000	5.1369	21.1594
32810000	5.1360	21.1554
32910000	5.1350	21.1515
33010000	5.1341	21.1476
33110000	5.1331	21.1437
33210000	5.1322	21.1398
33310000	5.1312	21.1359
33410000	5.1303	21.1320
33510000	5.1294	21.1282
33610000	5.1284	21.1243
33710000	5.1275	21.1205
33810000	5.1266	21.1167
33910000	5.1256	21.1129
34010000	5.1247	21.1091
34110000	5.1238	21.1053
34210000	5.1229	21.1016
34310000	5.1220	21.0978
34410000	5.1211	21.0941
34510000	5.1202	21.0904
34610000	5.1193	21.0866
34710000	5.1184	21.0829
34810000	5.1175	21.0792
34910000	5.1166	21.0756
35010000	5.1157	21.0719
35110000	5.1148	21.0682
35210000	5.1139	21.0646
35310000	5.1130	21.0610
35410000	5.1122	21.0573
35510000	5.1113	21.0537
35610000	5.1104	21.0501
35710000	5.1095	21.0465
35810000	5.1087	21.0430
35910000	5.1078	21.0394
36010000	5.1069	21.0358
36110000	5.1061	21.0323
36210000	5.1052	21.0288
36310000	5.1044	21.0252
36410000	5.1035	21.0217
36510000	5.1027	21.0182
36610000	5.1018	21.0147
36710000	5.1010	21.0112
36810000	5.1001	21.0078
36910000	5.0993	21.0043
37010000	5.0984	21.0009
37110000	5.0976	20.9974
37210000	5.0968	20.9940
37310000	5.0959	20.9906
37410000	5.0951	20.9872
37510000	5.0943	20.9838
37510000	5.0943	20.9838
38510000	5.0862	20.9503
39510000	5.0783	20.9179
40510000	5.0706	20.8863
41510000	5.0632	20.8555
42510000	5.0559	20.8256
43510000	5.0488	20.7965
44510000	5.0419	20.7681
45510000	5.0352	20.7404
46510000	5.0286	20.7133
47510000	5.0222	20.6869
48510000	5.0160	20.6611
49510000	5.0098	20.6359
50510000	5.0039	20.6112
51510000	4.9980	20.5871
52510000	4.9923	20.5635
53510000	4.9867	20.5404
54510000	4.9812	20.5178
55510000	4.9758	20.4956
56510000	4.9705	20.4739
57510000	4.9653	20.4525
58510000	4.9603	20.4316
59510000	4.9553	20.4111
60510000	4.9504	20.3910
61510000	4.9456	20.3712
62510000	4.9409	20.3518
63510000	4.9362	20.3327
64510000	4.9317	20.3139
65510000	4.9272	20.2955
66510000	4.9228	20.2774
67510000	4.9185	20.2596
68510000	4.9142	20.2420
69510000	4.9100	20.2248
70510000	4.9059	20.2078
71510000	4.9019	20.1911
72510000	4.8979	20.1746
73510000	4.8939	20.1584
74510000	4.8900	20.1425
75510000	4.8862	20.1267
76510000	4.8825	20.1112
77510000	4.8788	20.0959
78510000	4.8751	20.0809
79510000	4.8715	20.0660
80510000	4.8679	20.0514
81510000	4.8644	20.0369
82510000	4.8610	20.0227
83510000	4.8576	20.0086
84510000	4.8542	19.9948
84510000	4.8542	19.9948
85510000	4.8509	19.9811
86510000	4.8476	19.9675
87510000	4.8443	19.9542
88510000	4.8411	19.9410
89510000	4.8380	19.9280
90510000	4.8349	19.9151
91510000	4.8318	19.9024
92510000	4.8287	19.8899
93510000	4.8257	19.8775
94510000	4.8227	19.8652
95510000	4.8198	19.8531
96510000	4.8169	19.8412
97510000	4.8140	19.8293
98510000	4.8112	19.8176
99510000	4.8084	19.8061
99510000	4.8084	19.8061
100510000	4.8056	19.7946